5.00000e-05 1.00000e+00 -1.50000e-09
1.00000e-04 1.00000e+00 -1.19999e-08
1.50000e-04 1.00000e+00 -4.04993e-08
2.00000e-04 1.00000e+00 -9.59972e-08
2.50000e-04 1.00000e+00 -1.87492e-07
3.00000e-04 1.00000e+00 -3.23979e-07
3.50000e-04 1.00000e+00 -5.14454e-07
4.00000e-04 1.00000e+00 -7.67911e-07
4.50000e-04 1.00000e+00 -1.09334e-06
5.00000e-04 1.00000e+00 -1.49973e-06
5.50000e-04 1.00000e+00 -1.99606e-06
6.00000e-04 1.00000e+00 -2.59132e-06
6.50000e-04 1.00000e+00 -3.29449e-06
7.00000e-04 1.00000e+00 -4.11454e-06
7.50000e-04 1.00000e+00 -5.06044e-06
8.00000e-04 1.00000e+00 -6.14115e-06
8.50000e-04 1.00000e+00 -7.36564e-06
9.00000e-04 1.00000e+00 -8.74286e-06
9.50000e-04 1.00000e+00 -1.02818e-05
1.00000e-03 1.00000e+00 -1.19913e-05
1.05000e-03 1.00000e+00 -1.38804e-05
1.10000e-03 1.00000e+00 -1.59580e-05
1.15000e-03 1.00000e+00 -1.82330e-05
1.20000e-03 1.00000e+00 -2.07144e-05
1.25000e-03 1.00000e+00 -2.34110e-05
1.30000e-03 1.00000e+00 -2.63317e-05
1.35000e-03 1.00000e+00 -2.94855e-05
1.40000e-03 1.00000e+00 -3.28812e-05
1.45000e-03 1.00000e+00 -3.65278e-05
1.50000e-03 1.00000e+00 -4.04340e-05
1.55000e-03 1.00000e+00 -4.46087e-05
1.60000e-03 1.00000e+00 -4.90609e-05
1.65000e-03 1.00000e+00 -5.37992e-05
1.70000e-03 9.99999e-01 -5.88326e-05
1.75000e-03 9.99999e-01 -6.41699e-05
1.80000e-03 9.99999e-01 -6.98198e-05
1.85000e-03 9.99999e-01 -7.57912e-05
1.90000e-03 9.99999e-01 -8.20928e-05
1.95000e-03 9.99999e-01 -8.87335e-05
2.00000e-03 9.99999e-01 -9.57220e-05
2.05000e-03 9.99999e-01 -1.03067e-04
2.10000e-03 9.99999e-01 -1.10777e-04
2.15000e-03 9.99999e-01 -1.18861e-04
2.20000e-03 9.99999e-01 -1.27328e-04
2.25000e-03 9.99998e-01 -1.36187e-04
2.30000e-03 9.99998e-01 -1.45445e-04
2.35000e-03 9.99998e-01 -1.55112e-04
2.40000e-03 9.99998e-01 -1.65197e-04
2.45000e-03 9.99998e-01 -1.75707e-04
2.50000e-03 9.99998e-01 -1.86652e-04
2.55000e-03 9.99997e-01 -1.98041e-04
2.60000e-03 9.99997e-01 -2.09881e-04
2.65000e-03 9.99997e-01 -2.22181e-04
2.70000e-03 9.99997e-01 -2.34951e-04
2.75000e-03 9.99997e-01 -2.48198e-04
2.80000e-03 9.99996e-01 -2.61931e-04
2.85000e-03 9.99996e-01 -2.76158e-04
2.90000e-03 9.99996e-01 -2.90889e-04
2.95000e-03 9.99995e-01 -3.06131e-04
3.00000e-03 9.99995e-01 -3.21892e-04
3.05000e-03 9.99995e-01 -3.38183e-04
3.10000e-03 9.99994e-01 -3.55009e-04
3.15000e-03 9.99994e-01 -3.72381e-04
3.20000e-03 9.99994e-01 -3.90307e-04
3.25000e-03 9.99993e-01 -4.08794e-04
3.30000e-03 9.99993e-01 -4.27852e-04
3.35000e-03 9.99992e-01 -4.47488e-04
3.40000e-03 9.99992e-01 -4.67711e-04
3.45000e-03 9.99992e-01 -4.88529e-04
3.50000e-03 9.99991e-01 -5.09950e-04
3.55000e-03 9.99991e-01 -5.31982e-04
3.60000e-03 9.99990e-01 -5.54635e-04
3.65000e-03 9.99989e-01 -5.77915e-04
3.70000e-03 9.99989e-01 -6.01831e-04
3.75000e-03 9.99988e-01 -6.26392e-04
3.80000e-03 9.99988e-01 -6.51605e-04
3.85000e-03 9.99987e-01 -6.77478e-04
3.90000e-03 9.99986e-01 -7.04019e-04
3.95000e-03 9.99986e-01 -7.31237e-04
4.00000e-03 9.99985e-01 -7.59140e-04
4.05000e-03 9.99984e-01 -7.87735e-04
4.10000e-03 9.99983e-01 -8.17030e-04
4.15000e-03 9.99982e-01 -8.47034e-04
4.20000e-03 9.99981e-01 -8.77754e-04
4.25000e-03 9.99981e-01 -9.09199e-04
4.30000e-03 9.99980e-01 -9.41375e-04
4.35000e-03 9.99979e-01 -9.74291e-04
4.40000e-03 9.99978e-01 -1.00796e-03
4.45000e-03 9.99977e-01 -1.04237e-03
4.50000e-03 9.99976e-01 -1.07756e-03
4.55000e-03 9.99975e-01 -1.11351e-03
4.60000e-03 9.99973e-01 -1.15024e-03
4.65000e-03 9.99972e-01 -1.18776e-03
4.70000e-03 9.99971e-01 -1.22607e-03
4.75000e-03 9.99970e-01 -1.26519e-03
4.80000e-03 9.99969e-01 -1.30511e-03
4.85000e-03 9.99967e-01 -1.34585e-03
4.90000e-03 9.99966e-01 -1.38741e-03
4.95000e-03 9.99964e-01 -1.42981e-03
5.00000e-03 9.99963e-01 -1.47304e-03
5.05000e-03 9.99961e-01 -1.51713e-03
5.10000e-03 9.99960e-01 -1.56206e-03
5.15000e-03 9.99958e-01 -1.60786e-03
5.20000e-03 9.99957e-01 -1.65452e-03
5.25000e-03 9.99955e-01 -1.70206e-03
5.30000e-03 9.99953e-01 -1.75049e-03
5.35000e-03 9.99952e-01 -1.79980e-03
5.40000e-03 9.99950e-01 -1.85002e-03
5.45000e-03 9.99948e-01 -1.90114e-03
5.50000e-03 9.99946e-01 -1.95317e-03
5.55000e-03 9.99944e-01 -2.00611e-03
5.60000e-03 9.99942e-01 -2.05999e-03
5.65000e-03 9.99940e-01 -2.11480e-03
5.70000e-03 9.99938e-01 -2.17055e-03
5.75000e-03 9.99935e-01 -2.22724e-03
5.80000e-03 9.99933e-01 -2.28490e-03
5.85000e-03 9.99931e-01 -2.34351e-03
5.90000e-03 9.99929e-01 -2.40309e-03
5.95000e-03 9.99926e-01 -2.46364e-03
6.00000e-03 9.99924e-01 -2.52518e-03
6.05000e-03 9.99921e-01 -2.58770e-03
6.10000e-03 9.99918e-01 -2.65122e-03
6.15000e-03 9.99916e-01 -2.71574e-03
6.20000e-03 9.99913e-01 -2.78127e-03
6.25000e-03 9.99910e-01 -2.84782e-03
6.30000e-03 9.99907e-01 -2.91539e-03
6.35000e-03 9.99904e-01 -2.98398e-03
6.40000e-03 9.99901e-01 -3.05361e-03
6.45000e-03 9.99898e-01 -3.12429e-03
6.50000e-03 9.99895e-01 -3.19600e-03
6.55000e-03 9.99892e-01 -3.26878e-03
6.60000e-03 9.99889e-01 -3.34261e-03
6.65000e-03 9.99885e-01 -3.41751e-03
6.70000e-03 9.99882e-01 -3.49349e-03
6.75000e-03 9.99878e-01 -3.57054e-03
6.80000e-03 9.99875e-01 -3.64868e-03
6.85000e-03 9.99871e-01 -3.72791e-03
6.90000e-03 9.99867e-01 -3.80824e-03
6.95000e-03 9.99863e-01 -3.88967e-03
7.00000e-03 9.99859e-01 -3.97221e-03
7.05000e-03 9.99855e-01 -4.05587e-03
7.10000e-03 9.99851e-01 -4.14065e-03
7.15000e-03 9.99847e-01 -4.22656e-03
7.20000e-03 9.99843e-01 -4.31360e-03
7.25000e-03 9.99838e-01 -4.40178e-03
7.30000e-03 9.99834e-01 -4.49111e-03
7.35000e-03 9.99829e-01 -4.58159e-03
7.40000e-03 9.99825e-01 -4.67322e-03
7.45000e-03 9.99820e-01 -4.76602e-03
7.50000e-03 9.99815e-01 -4.85998e-03
7.55000e-03 9.99810e-01 -4.95512e-03
7.60000e-03 9.99805e-01 -5.05144e-03
7.65000e-03 9.99800e-01 -5.14894e-03
7.70000e-03 9.99795e-01 -5.24764e-03
7.75000e-03 9.99790e-01 -5.34753e-03
7.80000e-03 9.99784e-01 -5.44862e-03
7.85000e-03 9.99779e-01 -5.55091e-03
7.90000e-03 9.99773e-01 -5.65442e-03
7.95000e-03 9.99768e-01 -5.75915e-03
8.00000e-03 9.99762e-01 -5.86509e-03
8.05000e-03 9.99756e-01 -5.97227e-03
8.10000e-03 9.99750e-01 -6.08068e-03
8.15000e-03 9.99744e-01 -6.19032e-03
8.20000e-03 9.99737e-01 -6.30121e-03
8.25000e-03 9.99731e-01 -6.41334e-03
8.30000e-03 9.99725e-01 -6.52673e-03
8.35000e-03 9.99718e-01 -6.64138e-03
8.40000e-03 9.99711e-01 -6.75728e-03
8.45000e-03 9.99704e-01 -6.87446e-03
8.50000e-03 9.99698e-01 -6.99290e-03
8.55000e-03 9.99690e-01 -7.11262e-03
8.60000e-03 9.99683e-01 -7.23363e-03
8.65000e-03 9.99676e-01 -7.35592e-03
8.70000e-03 9.99669e-01 -7.47949e-03
8.75000e-03 9.99661e-01 -7.60437e-03
8.80000e-03 9.99653e-01 -7.73054e-03
8.85000e-03 9.99646e-01 -7.85802e-03
8.90000e-03 9.99638e-01 -7.98680e-03
8.95000e-03 9.99630e-01 -8.11690e-03
9.00000e-03 9.99621e-01 -8.24831e-03
9.05000e-03 9.99613e-01 -8.38105e-03
9.10000e-03 9.99605e-01 -8.51511e-03
9.15000e-03 9.99596e-01 -8.65050e-03
9.20000e-03 9.99587e-01 -8.78722e-03
9.25000e-03 9.99579e-01 -8.92528e-03
9.30000e-03 9.99570e-01 -9.06468e-03
9.35000e-03 9.99560e-01 -9.20542e-03
9.40000e-03 9.99551e-01 -9.34752e-03
9.45000e-03 9.99542e-01 -9.49097e-03
9.50000e-03 9.99532e-01 -9.63577e-03
9.55000e-03 9.99522e-01 -9.78194e-03
9.60000e-03 9.99513e-01 -9.92947e-03
9.65000e-03 9.99503e-01 -1.00784e-02
9.70000e-03 9.99492e-01 -1.02286e-02
9.75000e-03 9.99482e-01 -1.03803e-02
9.80000e-03 9.99472e-01 -1.05333e-02
9.85000e-03 9.99461e-01 -1.06877e-02
9.90000e-03 9.99450e-01 -1.08435e-02
9.95000e-03 9.99439e-01 -1.10007e-02
1.00000e-02 9.99428e-01 -1.11592e-02
1.00500e-02 9.99417e-01 -1.13192e-02
1.01000e-02 9.99406e-01 -1.14806e-02
1.01500e-02 9.99394e-01 -1.16433e-02
1.02000e-02 9.99382e-01 -1.18075e-02
1.02500e-02 9.99370e-01 -1.19731e-02
1.03000e-02 9.99358e-01 -1.21401e-02
1.03500e-02 9.99346e-01 -1.23085e-02
1.04000e-02 9.99334e-01 -1.24783e-02
1.04500e-02 9.99321e-01 -1.26495e-02
1.05000e-02 9.99308e-01 -1.28222e-02
1.05500e-02 9.99296e-01 -1.29963e-02
1.06000e-02 9.99282e-01 -1.31718e-02
1.06500e-02 9.99269e-01 -1.33487e-02
1.07000e-02 9.99256e-01 -1.35271e-02
1.07500e-02 9.99242e-01 -1.37069e-02
1.08000e-02 9.99228e-01 -1.38882e-02
1.08500e-02 9.99214e-01 -1.40709e-02
1.09000e-02 9.99200e-01 -1.42550e-02
1.09500e-02 9.99186e-01 -1.44406e-02
1.10000e-02 9.99171e-01 -1.46276e-02
1.10500e-02 9.99157e-01 -1.48161e-02
1.11000e-02 9.99142e-01 -1.50060e-02
1.11500e-02 9.99127e-01 -1.51974e-02
1.12000e-02 9.99111e-01 -1.53902e-02
1.12500e-02 9.99096e-01 -1.55845e-02
1.13000e-02 9.99080e-01 -1.57803e-02
1.13500e-02 9.99064e-01 -1.59775e-02
1.14000e-02 9.99048e-01 -1.61762e-02
1.14500e-02 9.99032e-01 -1.63763e-02
1.15000e-02 9.99015e-01 -1.65779e-02
1.15500e-02 9.98999e-01 -1.67810e-02
1.16000e-02 9.98982e-01 -1.69855e-02
1.16500e-02 9.98965e-01 -1.71916e-02
1.17000e-02 9.98947e-01 -1.73990e-02
1.17500e-02 9.98930e-01 -1.76080e-02
1.18000e-02 9.98912e-01 -1.78185e-02
1.18500e-02 9.98894e-01 -1.80304e-02
1.19000e-02 9.98876e-01 -1.82438e-02
1.19500e-02 9.98858e-01 -1.84587e-02
1.20000e-02 9.98839e-01 -1.86750e-02
1.20500e-02 9.98821e-01 -1.88929e-02
1.21000e-02 9.98802e-01 -1.91122e-02
1.21500e-02 9.98782e-01 -1.93330e-02
1.22000e-02 9.98763e-01 -1.95553e-02
1.22500e-02 9.98743e-01 -1.97791e-02
1.23000e-02 9.98723e-01 -2.00044e-02
1.23500e-02 9.98703e-01 -2.02311e-02
1.24000e-02 9.98683e-01 -2.04594e-02
1.24500e-02 9.98662e-01 -2.06891e-02
1.25000e-02 9.98641e-01 -2.09204e-02
1.25500e-02 9.98620e-01 -2.11531e-02
1.26000e-02 9.98599e-01 -2.13873e-02
1.26500e-02 9.98578e-01 -2.16230e-02
1.27000e-02 9.98556e-01 -2.18602e-02
1.27500e-02 9.98534e-01 -2.20989e-02
1.28000e-02 9.98512e-01 -2.23391e-02
1.28500e-02 9.98489e-01 -2.25807e-02
1.29000e-02 9.98467e-01 -2.28239e-02
1.29500e-02 9.98444e-01 -2.30686e-02
1.30000e-02 9.98420e-01 -2.33147e-02
1.30500e-02 9.98397e-01 -2.35624e-02
1.31000e-02 9.98373e-01 -2.38115e-02
1.31500e-02 9.98349e-01 -2.40622e-02
1.32000e-02 9.98325e-01 -2.43143e-02
1.32500e-02 9.98301e-01 -2.45679e-02
1.33000e-02 9.98276e-01 -2.48231e-02
1.33500e-02 9.98251e-01 -2.50797e-02
1.34000e-02 9.98226e-01 -2.53378e-02
1.34500e-02 9.98200e-01 -2.55974e-02
1.35000e-02 9.98175e-01 -2.58585e-02
1.35500e-02 9.98149e-01 -2.61211e-02
1.36000e-02 9.98122e-01 -2.63852e-02
1.36500e-02 9.98096e-01 -2.66507e-02
1.37000e-02 9.98069e-01 -2.69178e-02
1.37500e-02 9.98042e-01 -2.71863e-02
1.38000e-02 9.98015e-01 -2.74564e-02
1.38500e-02 9.97987e-01 -2.77279e-02
1.39000e-02 9.97959e-01 -2.80009e-02
1.39500e-02 9.97931e-01 -2.82754e-02
1.40000e-02 9.97903e-01 -2.85514e-02
1.40500e-02 9.97874e-01 -2.88288e-02
1.41000e-02 9.97845e-01 -2.91078e-02
1.41500e-02 9.97816e-01 -2.93882e-02
1.42000e-02 9.97786e-01 -2.96701e-02
1.42500e-02 9.97756e-01 -2.99535e-02
1.43000e-02 9.97726e-01 -3.02384e-02
1.43500e-02 9.97696e-01 -3.05247e-02
1.44000e-02 9.97665e-01 -3.08125e-02
1.44500e-02 9.97634e-01 -3.11018e-02
1.45000e-02 9.97603e-01 -3.13926e-02
1.45500e-02 9.97572e-01 -3.16848e-02
1.46000e-02 9.97540e-01 -3.19785e-02
1.46500e-02 9.97508e-01 -3.22737e-02
1.47000e-02 9.97475e-01 -3.25703e-02
1.47500e-02 9.97442e-01 -3.28684e-02
1.48000e-02 9.97409e-01 -3.31680e-02
1.48500e-02 9.97376e-01 -3.34690e-02
1.49000e-02 9.97343e-01 -3.37715e-02
1.49500e-02 9.97309e-01 -3.40754e-02
1.50000e-02 9.97274e-01 -3.43808e-02
1.50500e-02 9.97240e-01 -3.46877e-02
1.51000e-02 9.97205e-01 -3.49960e-02
1.51500e-02 9.97170e-01 -3.53057e-02
1.52000e-02 9.97134e-01 -3.56169e-02
1.52500e-02 9.97099e-01 -3.59295e-02
1.53000e-02 9.97063e-01 -3.62436e-02
1.53500e-02 9.97026e-01 -3.65591e-02
1.54000e-02 9.96989e-01 -3.68761e-02
1.54500e-02 9.96952e-01 -3.71945e-02
1.55000e-02 9.96915e-01 -3.75143e-02
1.55500e-02 9.96877e-01 -3.78355e-02
1.56000e-02 9.96839e-01 -3.81582e-02
1.56500e-02 9.96801e-01 -3.84823e-02
1.57000e-02 9.96762e-01 -3.88078e-02
1.57500e-02 9.96723e-01 -3.91347e-02
1.58000e-02 9.96684e-01 -3.94630e-02
1.58500e-02 9.96644e-01 -3.97928e-02
1.59000e-02 9.96605e-01 -4.01239e-02
1.59500e-02 9.96564e-01 -4.04565e-02
1.60000e-02 9.96524e-01 -4.07905e-02
1.60500e-02 9.96483e-01 -4.11258e-02
1.61000e-02 9.96441e-01 -4.14626e-02
1.61500e-02 9.96400e-01 -4.18008e-02
1.62000e-02 9.96358e-01 -4.21403e-02
1.62500e-02 9.96315e-01 -4.24812e-02
1.63000e-02 9.96273e-01 -4.28236e-02
1.63500e-02 9.96230e-01 -4.31673e-02
1.64000e-02 9.96186e-01 -4.35123e-02
1.64500e-02 9.96143e-01 -4.38588e-02
1.65000e-02 9.96099e-01 -4.42066e-02
1.65500e-02 9.96054e-01 -4.45558e-02
1.66000e-02 9.96010e-01 -4.49063e-02
1.66500e-02 9.95965e-01 -4.52582e-02
1.67000e-02 9.95919e-01 -4.56114e-02
1.67500e-02 9.95873e-01 -4.59660e-02
1.68000e-02 9.95827e-01 -4.63220e-02
1.68500e-02 9.95781e-01 -4.66793e-02
1.69000e-02 9.95734e-01 -4.70379e-02
1.69500e-02 9.95687e-01 -4.73979e-02
1.70000e-02 9.95639e-01 -4.77591e-02
1.70500e-02 9.95591e-01 -4.81218e-02
1.71000e-02 9.95543e-01 -4.84857e-02
1.71500e-02 9.95494e-01 -4.88510e-02
1.72000e-02 9.95445e-01 -4.92175e-02
1.72500e-02 9.95396e-01 -4.95854e-02
1.73000e-02 9.95346e-01 -4.99546e-02
1.73500e-02 9.95296e-01 -5.03251e-02
1.74000e-02 9.95245e-01 -5.06968e-02
1.74500e-02 9.95194e-01 -5.10699e-02
1.75000e-02 9.95143e-01 -5.14443e-02
1.75500e-02 9.95091e-01 -5.18199e-02
1.76000e-02 9.95039e-01 -5.21968e-02
1.76500e-02 9.94987e-01 -5.25750e-02
1.77000e-02 9.94934e-01 -5.29545e-02
1.77500e-02 9.94881e-01 -5.33352e-02
1.78000e-02 9.94828e-01 -5.37172e-02
1.78500e-02 9.94774e-01 -5.41004e-02
1.79000e-02 9.94719e-01 -5.44849e-02
1.79500e-02 9.94665e-01 -5.48706e-02
1.80000e-02 9.94610e-01 -5.52575e-02
1.80500e-02 9.94554e-01 -5.56457e-02
1.81000e-02 9.94498e-01 -5.60352e-02
1.81500e-02 9.94442e-01 -5.64258e-02
1.82000e-02 9.94386e-01 -5.68177e-02
1.82500e-02 9.94329e-01 -5.72107e-02
1.83000e-02 9.94271e-01 -5.76050e-02
1.83500e-02 9.94213e-01 -5.80005e-02
1.84000e-02 9.94155e-01 -5.83972e-02
1.84500e-02 9.94097e-01 -5.87951e-02
1.85000e-02 9.94038e-01 -5.91941e-02
1.85500e-02 9.93978e-01 -5.95943e-02
1.86000e-02 9.93918e-01 -5.99958e-02
1.86500e-02 9.93858e-01 -6.03983e-02
1.87000e-02 9.93798e-01 -6.08021e-02
1.87500e-02 9.93737e-01 -6.12070e-02
1.88000e-02 9.93675e-01 -6.16130e-02
1.88500e-02 9.93613e-01 -6.20202e-02
1.89000e-02 9.93551e-01 -6.24286e-02
1.89500e-02 9.93488e-01 -6.28380e-02
1.90000e-02 9.93425e-01 -6.32486e-02
1.90500e-02 9.93362e-01 -6.36604e-02
1.91000e-02 9.93298e-01 -6.40732e-02
1.91500e-02 9.93234e-01 -6.44872e-02
1.92000e-02 9.93169e-01 -6.49022e-02
1.92500e-02 9.93104e-01 -6.53184e-02
1.93000e-02 9.93039e-01 -6.57356e-02
1.93500e-02 9.92973e-01 -6.61539e-02
1.94000e-02 9.92906e-01 -6.65734e-02
1.94500e-02 9.92839e-01 -6.69938e-02
1.95000e-02 9.92772e-01 -6.74154e-02
1.95500e-02 9.92705e-01 -6.78380e-02
1.96000e-02 9.92637e-01 -6.82617e-02
1.96500e-02 9.92568e-01 -6.86864e-02
1.97000e-02 9.92499e-01 -6.91122e-02
1.97500e-02 9.92430e-01 -6.95389e-02
1.98000e-02 9.92360e-01 -6.99668e-02
1.98500e-02 9.92290e-01 -7.03956e-02
1.99000e-02 9.92219e-01 -7.08255e-02
1.99500e-02 9.92148e-01 -7.12563e-02
2.00000e-02 9.92077e-01 -7.16882e-02
2.00500e-02 9.92005e-01 -7.21211e-02
2.01000e-02 9.91933e-01 -7.25549e-02
2.01500e-02 9.91860e-01 -7.29898e-02
2.02000e-02 9.91787e-01 -7.34256e-02
2.02500e-02 9.91713e-01 -7.38623e-02
2.03000e-02 9.91639e-01 -7.43001e-02
2.03500e-02 9.91564e-01 -7.47388e-02
2.04000e-02 9.91489e-01 -7.51784e-02
2.04500e-02 9.91414e-01 -7.56190e-02
2.05000e-02 9.91338e-01 -7.60605e-02
2.05500e-02 9.91262e-01 -7.65029e-02
2.06000e-02 9.91185e-01 -7.69463e-02
2.06500e-02 9.91108e-01 -7.73906e-02
2.07000e-02 9.91030e-01 -7.78357e-02
2.07500e-02 9.90952e-01 -7.82818e-02
2.08000e-02 9.90874e-01 -7.87288e-02
2.08500e-02 9.90795e-01 -7.91766e-02
2.09000e-02 9.90715e-01 -7.96253e-02
2.09500e-02 9.90636e-01 -8.00749e-02
2.10000e-02 9.90555e-01 -8.05254e-02
2.10500e-02 9.90475e-01 -8.09767e-02
2.11000e-02 9.90393e-01 -8.14288e-02
2.11500e-02 9.90312e-01 -8.18818e-02
2.12000e-02 9.90230e-01 -8.23356e-02
2.12500e-02 9.90147e-01 -8.27903e-02
2.13000e-02 9.90064e-01 -8.32457e-02
2.13500e-02 9.89980e-01 -8.37020e-02
2.14000e-02 9.89897e-01 -8.41591e-02
2.14500e-02 9.89812e-01 -8.46169e-02
2.15000e-02 9.89727e-01 -8.50756e-02
2.15500e-02 9.89642e-01 -8.55350e-02
2.16000e-02 9.89556e-01 -8.59952e-02
2.16500e-02 9.89470e-01 -8.64561e-02
2.17000e-02 9.89383e-01 -8.69178e-02
2.17500e-02 9.89296e-01 -8.73803e-02
2.18000e-02 9.89209e-01 -8.78435e-02
2.18500e-02 9.89121e-01 -8.83074e-02
2.19000e-02 9.89032e-01 -8.87720e-02
2.19500e-02 9.88943e-01 -8.92374e-02
2.20000e-02 9.88854e-01 -8.97035e-02
2.20500e-02 9.88764e-01 -9.01702e-02
2.21000e-02 9.88673e-01 -9.06377e-02
2.21500e-02 9.88582e-01 -9.11058e-02
2.22000e-02 9.88491e-01 -9.15747e-02
2.22500e-02 9.88399e-01 -9.20441e-02
2.23000e-02 9.88307e-01 -9.25143e-02
2.23500e-02 9.88214e-01 -9.29851e-02
2.24000e-02 9.88121e-01 -9.34565e-02
2.24500e-02 9.88027e-01 -9.39286e-02
2.25000e-02 9.87933e-01 -9.44013e-02
2.25500e-02 9.87838e-01 -9.48746e-02
2.26000e-02 9.87743e-01 -9.53485e-02
2.26500e-02 9.87648e-01 -9.58230e-02
2.27000e-02 9.87552e-01 -9.62981e-02
2.27500e-02 9.87455e-01 -9.67738e-02
2.28000e-02 9.87358e-01 -9.72501e-02
2.28500e-02 9.87261e-01 -9.77269e-02
2.29000e-02 9.87163e-01 -9.82043e-02
2.29500e-02 9.87064e-01 -9.86823e-02
2.30000e-02 9.86965e-01 -9.91608e-02
2.30500e-02 9.86866e-01 -9.96398e-02
2.31000e-02 9.86766e-01 -1.00119e-01
2.31500e-02 9.86666e-01 -1.00599e-01
2.32000e-02 9.86565e-01 -1.01080e-01
2.32500e-02 9.86463e-01 -1.01561e-01
2.33000e-02 9.86362e-01 -1.02043e-01
2.33500e-02 9.86259e-01 -1.02525e-01
2.34000e-02 9.86157e-01 -1.03007e-01
2.34500e-02 9.86053e-01 -1.03490e-01
2.35000e-02 9.85950e-01 -1.03974e-01
2.35500e-02 9.85845e-01 -1.04458e-01
2.36000e-02 9.85741e-01 -1.04942e-01
2.36500e-02 9.85636e-01 -1.05427e-01
2.37000e-02 9.85530e-01 -1.05912e-01
2.37500e-02 9.85424e-01 -1.06397e-01
2.38000e-02 9.85317e-01 -1.06883e-01
2.38500e-02 9.85210e-01 -1.07370e-01
2.39000e-02 9.85102e-01 -1.07857e-01
2.39500e-02 9.84994e-01 -1.08344e-01
2.40000e-02 9.84886e-01 -1.08831e-01
2.40500e-02 9.84777e-01 -1.09319e-01
2.41000e-02 9.84667e-01 -1.09807e-01
2.41500e-02 9.84557e-01 -1.10296e-01
2.42000e-02 9.84446e-01 -1.10785e-01
2.42500e-02 9.84335e-01 -1.11274e-01
2.43000e-02 9.84224e-01 -1.11764e-01
2.43500e-02 9.84112e-01 -1.12254e-01
2.44000e-02 9.83999e-01 -1.12744e-01
2.44500e-02 9.83886e-01 -1.13234e-01
2.45000e-02 9.83773e-01 -1.13725e-01
2.45500e-02 9.83659e-01 -1.14216e-01
2.46000e-02 9.83544e-01 -1.14707e-01
2.46500e-02 9.83430e-01 -1.15199e-01
2.47000e-02 9.83314e-01 -1.15691e-01
2.47500e-02 9.83198e-01 -1.16183e-01
2.48000e-02 9.83082e-01 -1.16675e-01
2.48500e-02 9.82965e-01 -1.17167e-01
2.49000e-02 9.82847e-01 -1.17660e-01
2.49500e-02 9.82729e-01 -1.18153e-01
2.50000e-02 9.82611e-01 -1.18646e-01
2.50500e-02 9.82492e-01 -1.19139e-01
2.51000e-02 9.82373e-01 -1.19633e-01
2.51500e-02 9.82253e-01 -1.20126e-01
2.52000e-02 9.82133e-01 -1.20620e-01
2.52500e-02 9.82012e-01 -1.21114e-01
2.53000e-02 9.81890e-01 -1.21608e-01
2.53500e-02 9.81768e-01 -1.22102e-01
2.54000e-02 9.81646e-01 -1.22596e-01
2.54500e-02 9.81523e-01 -1.23091e-01
2.55000e-02 9.81400e-01 -1.23585e-01
2.55500e-02 9.81276e-01 -1.24080e-01
2.56000e-02 9.81152e-01 -1.24574e-01
2.56500e-02 9.81027e-01 -1.25069e-01
2.57000e-02 9.80902e-01 -1.25564e-01
2.57500e-02 9.80776e-01 -1.26059e-01
2.58000e-02 9.80650e-01 -1.26553e-01
2.58500e-02 9.80523e-01 -1.27048e-01
2.59000e-02 9.80395e-01 -1.27543e-01
2.59500e-02 9.80268e-01 -1.28038e-01
2.60000e-02 9.80139e-01 -1.28533e-01
2.60500e-02 9.80011e-01 -1.29028e-01
2.61000e-02 9.79881e-01 -1.29523e-01
2.61500e-02 9.79751e-01 -1.30018e-01
2.62000e-02 9.79621e-01 -1.30513e-01
2.62500e-02 9.79490e-01 -1.31008e-01
2.63000e-02 9.79359e-01 -1.31503e-01
2.63500e-02 9.79227e-01 -1.31998e-01
2.64000e-02 9.79095e-01 -1.32492e-01
2.64500e-02 9.78962e-01 -1.32987e-01
2.65000e-02 9.78829e-01 -1.33482e-01
2.65500e-02 9.78696e-01 -1.33976e-01
2.66000e-02 9.78561e-01 -1.34470e-01
2.66500e-02 9.78427e-01 -1.34965e-01
2.67000e-02 9.78291e-01 -1.35459e-01
2.67500e-02 9.78156e-01 -1.35953e-01
2.68000e-02 9.78019e-01 -1.36447e-01
2.68500e-02 9.77883e-01 -1.36940e-01
2.69000e-02 9.77746e-01 -1.37434e-01
2.69500e-02 9.77608e-01 -1.37927e-01
2.70000e-02 9.77470e-01 -1.38421e-01
2.70500e-02 9.77331e-01 -1.38914e-01
2.71000e-02 9.77192e-01 -1.39407e-01
2.71500e-02 9.77052e-01 -1.39899e-01
2.72000e-02 9.76912e-01 -1.40392e-01
2.72500e-02 9.76771e-01 -1.40884e-01
2.73000e-02 9.76630e-01 -1.41376e-01
2.73500e-02 9.76489e-01 -1.41868e-01
2.74000e-02 9.76347e-01 -1.42359e-01
2.74500e-02 9.76204e-01 -1.42851e-01
2.75000e-02 9.76061e-01 -1.43342e-01
2.75500e-02 9.75917e-01 -1.43832e-01
2.76000e-02 9.75773e-01 -1.44323e-01
2.76500e-02 9.75629e-01 -1.44813e-01
2.77000e-02 9.75484e-01 -1.45303e-01
2.77500e-02 9.75338e-01 -1.45792e-01
2.78000e-02 9.75192e-01 -1.46282e-01
2.78500e-02 9.75045e-01 -1.46771e-01
2.79000e-02 9.74898e-01 -1.47259e-01
2.79500e-02 9.74751e-01 -1.47747e-01
2.80000e-02 9.74603e-01 -1.48235e-01
2.80500e-02 9.74455e-01 -1.48723e-01
2.81000e-02 9.74306e-01 -1.49210e-01
2.81500e-02 9.74156e-01 -1.49697e-01
2.82000e-02 9.74006e-01 -1.50183e-01
2.82500e-02 9.73856e-01 -1.50669e-01
2.83000e-02 9.73705e-01 -1.51155e-01
2.83500e-02 9.73553e-01 -1.51640e-01
2.84000e-02 9.73402e-01 -1.52125e-01
2.84500e-02 9.73249e-01 -1.52609e-01
2.85000e-02 9.73096e-01 -1.53093e-01
2.85500e-02 9.72943e-01 -1.53576e-01
2.86000e-02 9.72789e-01 -1.54059e-01
2.86500e-02 9.72635e-01 -1.54542e-01
2.87000e-02 9.72480e-01 -1.55024e-01
2.87500e-02 9.72325e-01 -1.55505e-01
2.88000e-02 9.72169e-01 -1.55986e-01
2.88500e-02 9.72013e-01 -1.56467e-01
2.89000e-02 9.71856e-01 -1.56947e-01
2.89500e-02 9.71699e-01 -1.57426e-01
2.90000e-02 9.71541e-01 -1.57905e-01
2.90500e-02 9.71383e-01 -1.58384e-01
2.91000e-02 9.71225e-01 -1.58862e-01
2.91500e-02 9.71065e-01 -1.59339e-01
2.92000e-02 9.70906e-01 -1.59816e-01
2.92500e-02 9.70746e-01 -1.60292e-01
2.93000e-02 9.70585e-01 -1.60768e-01
2.93500e-02 9.70424e-01 -1.61243e-01
2.94000e-02 9.70263e-01 -1.61717e-01
2.94500e-02 9.70101e-01 -1.62191e-01
2.95000e-02 9.69938e-01 -1.62664e-01
2.95500e-02 9.69775e-01 -1.63137e-01
2.96000e-02 9.69612e-01 -1.63609e-01
2.96500e-02 9.69448e-01 -1.64080e-01
2.97000e-02 9.69284e-01 -1.64551e-01
2.97500e-02 9.69119e-01 -1.65021e-01
2.98000e-02 9.68954e-01 -1.65490e-01
2.98500e-02 9.68788e-01 -1.65959e-01
2.99000e-02 9.68622e-01 -1.66427e-01
2.99500e-02 9.68455e-01 -1.66894e-01
3.00000e-02 9.68288e-01 -1.67361e-01
3.00500e-02 9.68121e-01 -1.67827e-01
3.01000e-02 9.67953e-01 -1.68292e-01
3.01500e-02 9.67784e-01 -1.68756e-01
3.02000e-02 9.67615e-01 -1.69220e-01
3.02500e-02 9.67446e-01 -1.69683e-01
3.03000e-02 9.67276e-01 -1.70145e-01
3.03500e-02 9.67105e-01 -1.70607e-01
3.04000e-02 9.66934e-01 -1.71068e-01
3.04500e-02 9.66763e-01 -1.71527e-01
3.05000e-02 9.66591e-01 -1.71987e-01
3.05500e-02 9.66419e-01 -1.72445e-01
3.06000e-02 9.66247e-01 -1.72903e-01
3.06500e-02 9.66073e-01 -1.73359e-01
3.07000e-02 9.65900e-01 -1.73815e-01
3.07500e-02 9.65726e-01 -1.74271e-01
3.08000e-02 9.65551e-01 -1.74725e-01
3.08500e-02 9.65376e-01 -1.75179e-01
3.09000e-02 9.65201e-01 -1.75631e-01
3.09500e-02 9.65025e-01 -1.76083e-01
3.10000e-02 9.64849e-01 -1.76534e-01
3.10500e-02 9.64672e-01 -1.76984e-01
3.11000e-02 9.64495e-01 -1.77433e-01
3.11500e-02 9.64317e-01 -1.77882e-01
3.12000e-02 9.64139e-01 -1.78329e-01
3.12500e-02 9.63960e-01 -1.78776e-01
3.13000e-02 9.63781e-01 -1.79221e-01
3.13500e-02 9.63602e-01 -1.79666e-01
3.14000e-02 9.63422e-01 -1.80110e-01
3.14500e-02 9.63242e-01 -1.80553e-01
3.15000e-02 9.63061e-01 -1.80995e-01
3.15500e-02 9.62880e-01 -1.81436e-01
3.16000e-02 9.62698e-01 -1.81876e-01
3.16500e-02 9.62516e-01 -1.82315e-01
3.17000e-02 9.62334e-01 -1.82754e-01
3.17500e-02 9.62151e-01 -1.83191e-01
3.18000e-02 9.61967e-01 -1.83627e-01
3.18500e-02 9.61783e-01 -1.84062e-01
3.19000e-02 9.61599e-01 -1.84497e-01
3.19500e-02 9.61414e-01 -1.84930e-01
3.20000e-02 9.61229e-01 -1.85362e-01
3.20500e-02 9.61044e-01 -1.85793e-01
3.21000e-02 9.60858e-01 -1.86224e-01
3.21500e-02 9.60671e-01 -1.86653e-01
3.22000e-02 9.60484e-01 -1.87081e-01
3.22500e-02 9.60297e-01 -1.87508e-01
3.23000e-02 9.60109e-01 -1.87934e-01
3.23500e-02 9.59921e-01 -1.88359e-01
3.24000e-02 9.59733e-01 -1.88783e-01
3.24500e-02 9.59544e-01 -1.89206e-01
3.25000e-02 9.59354e-01 -1.89628e-01
3.25500e-02 9.59164e-01 -1.90049e-01
3.26000e-02 9.58974e-01 -1.90469e-01
3.26500e-02 9.58783e-01 -1.90887e-01
3.27000e-02 9.58592e-01 -1.91305e-01
3.27500e-02 9.58401e-01 -1.91721e-01
3.28000e-02 9.58209e-01 -1.92136e-01
3.28500e-02 9.58016e-01 -1.92551e-01
3.29000e-02 9.57824e-01 -1.92964e-01
3.29500e-02 9.57631e-01 -1.93376e-01
3.30000e-02 9.57437e-01 -1.93786e-01
3.30500e-02 9.57243e-01 -1.94196e-01
3.31000e-02 9.57049e-01 -1.94604e-01
3.31500e-02 9.56854e-01 -1.95012e-01
3.32000e-02 9.56659e-01 -1.95418e-01
3.32500e-02 9.56463e-01 -1.95823e-01
3.33000e-02 9.56267e-01 -1.96227e-01
3.33500e-02 9.56070e-01 -1.96629e-01
3.34000e-02 9.55874e-01 -1.97031e-01
3.34500e-02 9.55676e-01 -1.97431e-01
3.35000e-02 9.55479e-01 -1.97830e-01
3.35500e-02 9.55281e-01 -1.98228e-01
3.36000e-02 9.55082e-01 -1.98625e-01
3.36500e-02 9.54883e-01 -1.99020e-01
3.37000e-02 9.54684e-01 -1.99414e-01
3.37500e-02 9.54485e-01 -1.99807e-01
3.38000e-02 9.54285e-01 -2.00199e-01
3.38500e-02 9.54084e-01 -2.00590e-01
3.39000e-02 9.53883e-01 -2.00979e-01
3.39500e-02 9.53682e-01 -2.01367e-01
3.40000e-02 9.53481e-01 -2.01754e-01
3.40500e-02 9.53279e-01 -2.02139e-01
3.41000e-02 9.53076e-01 -2.02523e-01
3.41500e-02 9.52874e-01 -2.02906e-01
3.42000e-02 9.52671e-01 -2.03288e-01
3.42500e-02 9.52467e-01 -2.03669e-01
3.43000e-02 9.52263e-01 -2.04048e-01
3.43500e-02 9.52059e-01 -2.04425e-01
3.44000e-02 9.51854e-01 -2.04802e-01
3.44500e-02 9.51649e-01 -2.05177e-01
3.45000e-02 9.51444e-01 -2.05551e-01
3.45500e-02 9.51238e-01 -2.05924e-01
3.46000e-02 9.51032e-01 -2.06295e-01
3.46500e-02 9.50826e-01 -2.06665e-01
3.47000e-02 9.50619e-01 -2.07034e-01
3.47500e-02 9.50412e-01 -2.07401e-01
3.48000e-02 9.50204e-01 -2.07767e-01
3.48500e-02 9.49996e-01 -2.08132e-01
3.49000e-02 9.49788e-01 -2.08495e-01
3.49500e-02 9.49579e-01 -2.08857e-01
3.50000e-02 9.49370e-01 -2.09217e-01
3.50500e-02 9.49161e-01 -2.09577e-01
3.51000e-02 9.48951e-01 -2.09935e-01
3.51500e-02 9.48741e-01 -2.10291e-01
3.52000e-02 9.48530e-01 -2.10646e-01
3.52500e-02 9.48320e-01 -2.11000e-01
3.53000e-02 9.48108e-01 -2.11352e-01
3.53500e-02 9.47897e-01 -2.11703e-01
3.54000e-02 9.47685e-01 -2.12053e-01
3.54500e-02 9.47473e-01 -2.12401e-01
3.55000e-02 9.47260e-01 -2.12748e-01
3.55500e-02 9.47047e-01 -2.13093e-01
3.56000e-02 9.46834e-01 -2.13437e-01
3.56500e-02 9.46620e-01 -2.13780e-01
3.57000e-02 9.46406e-01 -2.14121e-01
3.57500e-02 9.46192e-01 -2.14461e-01
3.58000e-02 9.45978e-01 -2.14799e-01
3.58500e-02 9.45763e-01 -2.15136e-01
3.59000e-02 9.45547e-01 -2.15471e-01
3.59500e-02 9.45332e-01 -2.15805e-01
3.60000e-02 9.45116e-01 -2.16138e-01
3.60500e-02 9.44899e-01 -2.16469e-01
3.61000e-02 9.44683e-01 -2.16799e-01
3.61500e-02 9.44466e-01 -2.17127e-01
3.62000e-02 9.44248e-01 -2.17454e-01
3.62500e-02 9.44031e-01 -2.17779e-01
3.63000e-02 9.43813e-01 -2.18103e-01
3.63500e-02 9.43595e-01 -2.18426e-01
3.64000e-02 9.43376e-01 -2.18747e-01
3.64500e-02 9.43157e-01 -2.19066e-01
3.65000e-02 9.42938e-01 -2.19384e-01
3.65500e-02 9.42718e-01 -2.19701e-01
3.66000e-02 9.42499e-01 -2.20016e-01
3.66500e-02 9.42278e-01 -2.20330e-01
3.67000e-02 9.42058e-01 -2.20642e-01
3.67500e-02 9.41837e-01 -2.20952e-01
3.68000e-02 9.41616e-01 -2.21261e-01
3.68500e-02 9.41395e-01 -2.21569e-01
3.69000e-02 9.41173e-01 -2.21875e-01
3.69500e-02 9.40951e-01 -2.22180e-01
3.70000e-02 9.40728e-01 -2.22483e-01
3.70500e-02 9.40506e-01 -2.22785e-01
3.71000e-02 9.40283e-01 -2.23085e-01
3.71500e-02 9.40060e-01 -2.23384e-01
3.72000e-02 9.39836e-01 -2.23681e-01
3.72500e-02 9.39612e-01 -2.23977e-01
3.73000e-02 9.39388e-01 -2.24271e-01
3.73500e-02 9.39164e-01 -2.24563e-01
3.74000e-02 9.38939e-01 -2.24855e-01
3.74500e-02 9.38714e-01 -2.25144e-01
3.75000e-02 9.38489e-01 -2.25432e-01
3.75500e-02 9.38263e-01 -2.25719e-01
3.76000e-02 9.38037e-01 -2.26004e-01
3.76500e-02 9.37811e-01 -2.26287e-01
3.77000e-02 9.37585e-01 -2.26569e-01
3.77500e-02 9.37358e-01 -2.26850e-01
3.78000e-02 9.37131e-01 -2.27129e-01
3.78500e-02 9.36904e-01 -2.27406e-01
3.79000e-02 9.36676e-01 -2.27682e-01
3.79500e-02 9.36448e-01 -2.27956e-01
3.80000e-02 9.36220e-01 -2.28229e-01
3.80500e-02 9.35992e-01 -2.28500e-01
3.81000e-02 9.35763e-01 -2.28770e-01
3.81500e-02 9.35534e-01 -2.29038e-01
3.82000e-02 9.35305e-01 -2.29305e-01
3.82500e-02 9.35076e-01 -2.29570e-01
3.83000e-02 9.34846e-01 -2.29833e-01
3.83500e-02 9.34616e-01 -2.30095e-01
3.84000e-02 9.34386e-01 -2.30356e-01
3.84500e-02 9.34155e-01 -2.30614e-01
3.85000e-02 9.33925e-01 -2.30872e-01
3.85500e-02 9.33694e-01 -2.31128e-01
3.86000e-02 9.33462e-01 -2.31382e-01
3.86500e-02 9.33231e-01 -2.31634e-01
3.87000e-02 9.32999e-01 -2.31886e-01
3.87500e-02 9.32767e-01 -2.32135e-01
3.88000e-02 9.32535e-01 -2.32383e-01
3.88500e-02 9.32302e-01 -2.32630e-01
3.89000e-02 9.32070e-01 -2.32874e-01
3.89500e-02 9.31837e-01 -2.33118e-01
3.90000e-02 9.31603e-01 -2.33360e-01
3.90500e-02 9.31370e-01 -2.33600e-01
3.91000e-02 9.31136e-01 -2.33838e-01
3.91500e-02 9.30902e-01 -2.34076e-01
3.92000e-02 9.30668e-01 -2.34311e-01
3.92500e-02 9.30434e-01 -2.34545e-01
3.93000e-02 9.30199e-01 -2.34778e-01
3.93500e-02 9.29964e-01 -2.35008e-01
3.94000e-02 9.29729e-01 -2.35238e-01
3.94500e-02 9.29494e-01 -2.35465e-01
3.95000e-02 9.29258e-01 -2.35692e-01
3.95500e-02 9.29022e-01 -2.35916e-01
3.96000e-02 9.28786e-01 -2.36139e-01
3.96500e-02 9.28550e-01 -2.36361e-01
3.97000e-02 9.28313e-01 -2.36581e-01
3.97500e-02 9.28077e-01 -2.36799e-01
3.98000e-02 9.27840e-01 -2.37016e-01
3.98500e-02 9.27603e-01 -2.37231e-01
3.99000e-02 9.27365e-01 -2.37445e-01
3.99500e-02 9.27128e-01 -2.37657e-01
4.00000e-02 9.26890e-01 -2.37868e-01
4.00500e-02 9.26652e-01 -2.38077e-01
4.01000e-02 9.26414e-01 -2.38284e-01
4.01500e-02 9.26176e-01 -2.38490e-01
4.02000e-02 9.25937e-01 -2.38695e-01
4.02500e-02 9.25698e-01 -2.38898e-01
4.03000e-02 9.25459e-01 -2.39099e-01
4.03500e-02 9.25220e-01 -2.39299e-01
4.04000e-02 9.24981e-01 -2.39497e-01
4.04500e-02 9.24741e-01 -2.39694e-01
4.05000e-02 9.24501e-01 -2.39889e-01
4.05500e-02 9.24261e-01 -2.40082e-01
4.06000e-02 9.24021e-01 -2.40274e-01
4.06500e-02 9.23781e-01 -2.40465e-01
4.07000e-02 9.23540e-01 -2.40654e-01
4.07500e-02 9.23299e-01 -2.40841e-01
4.08000e-02 9.23058e-01 -2.41027e-01
4.08500e-02 9.22817e-01 -2.41212e-01
4.09000e-02 9.22576e-01 -2.41394e-01
4.09500e-02 9.22335e-01 -2.41576e-01
4.10000e-02 9.22093e-01 -2.41755e-01
4.10500e-02 9.21851e-01 -2.41934e-01
4.11000e-02 9.21609e-01 -2.42110e-01
4.11500e-02 9.21367e-01 -2.42286e-01
4.12000e-02 9.21124e-01 -2.42459e-01
4.12500e-02 9.20882e-01 -2.42631e-01
4.13000e-02 9.20639e-01 -2.42802e-01
4.13500e-02 9.20396e-01 -2.42971e-01
4.14000e-02 9.20153e-01 -2.43139e-01
4.14500e-02 9.19910e-01 -2.43305e-01
4.15000e-02 9.19667e-01 -2.43469e-01
4.15500e-02 9.19423e-01 -2.43632e-01
4.16000e-02 9.19179e-01 -2.43794e-01
4.16500e-02 9.18935e-01 -2.43954e-01
4.17000e-02 9.18691e-01 -2.44112e-01
4.17500e-02 9.18447e-01 -2.44270e-01
4.18000e-02 9.18203e-01 -2.44425e-01
4.18500e-02 9.17958e-01 -2.44579e-01
4.19000e-02 9.17714e-01 -2.44732e-01
4.19500e-02 9.17469e-01 -2.44883e-01
4.20000e-02 9.17224e-01 -2.45032e-01
4.20500e-02 9.16979e-01 -2.45181e-01
4.21000e-02 9.16734e-01 -2.45327e-01
4.21500e-02 9.16488e-01 -2.45472e-01
4.22000e-02 9.16243e-01 -2.45616e-01
4.22500e-02 9.15997e-01 -2.45758e-01
4.23000e-02 9.15751e-01 -2.45899e-01
4.23500e-02 9.15505e-01 -2.46038e-01
4.24000e-02 9.15259e-01 -2.46176e-01
4.24500e-02 9.15013e-01 -2.46313e-01
4.25000e-02 9.14766e-01 -2.46447e-01
4.25500e-02 9.14520e-01 -2.46581e-01
4.26000e-02 9.14273e-01 -2.46713e-01
4.26500e-02 9.14026e-01 -2.46844e-01
4.27000e-02 9.13780e-01 -2.46973e-01
4.27500e-02 9.13533e-01 -2.47100e-01
4.28000e-02 9.13285e-01 -2.47227e-01
4.28500e-02 9.13038e-01 -2.47351e-01
4.29000e-02 9.12791e-01 -2.47475e-01
4.29500e-02 9.12543e-01 -2.47597e-01
4.30000e-02 9.12295e-01 -2.47717e-01
4.30500e-02 9.12048e-01 -2.47837e-01
4.31000e-02 9.11800e-01 -2.47954e-01
4.31500e-02 9.11552e-01 -2.48071e-01
4.32000e-02 9.11304e-01 -2.48186e-01
4.32500e-02 9.11055e-01 -2.48299e-01
4.33000e-02 9.10807e-01 -2.48411e-01
4.33500e-02 9.10559e-01 -2.48522e-01
4.34000e-02 9.10310e-01 -2.48632e-01
4.34500e-02 9.10061e-01 -2.48740e-01
4.35000e-02 9.09813e-01 -2.48846e-01
4.35500e-02 9.09564e-01 -2.48951e-01
4.36000e-02 9.09315e-01 -2.49055e-01
4.36500e-02 9.09066e-01 -2.49158e-01
4.37000e-02 9.08816e-01 -2.49259e-01
4.37500e-02 9.08567e-01 -2.49359e-01
4.38000e-02 9.08318e-01 -2.49457e-01
4.38500e-02 9.08068e-01 -2.49554e-01
4.39000e-02 9.07819e-01 -2.49650e-01
4.39500e-02 9.07569e-01 -2.49744e-01
4.40000e-02 9.07319e-01 -2.49838e-01
4.40500e-02 9.07069e-01 -2.49929e-01
4.41000e-02 9.06819e-01 -2.50020e-01
4.41500e-02 9.06569e-01 -2.50109e-01
4.42000e-02 9.06319e-01 -2.50197e-01
4.42500e-02 9.06069e-01 -2.50283e-01
4.43000e-02 9.05818e-01 -2.50368e-01
4.43500e-02 9.05568e-01 -2.50452e-01
4.44000e-02 9.05317e-01 -2.50535e-01
4.44500e-02 9.05067e-01 -2.50616e-01
4.45000e-02 9.04816e-01 -2.50696e-01
4.45500e-02 9.04566e-01 -2.50775e-01
4.46000e-02 9.04315e-01 -2.50853e-01
4.46500e-02 9.04064e-01 -2.50929e-01
4.47000e-02 9.03813e-01 -2.51004e-01
4.47500e-02 9.03562e-01 -2.51077e-01
4.48000e-02 9.03311e-01 -2.51150e-01
4.48500e-02 9.03059e-01 -2.51221e-01
4.49000e-02 9.02808e-01 -2.51291e-01
4.49500e-02 9.02557e-01 -2.51360e-01
4.50000e-02 9.02306e-01 -2.51427e-01
4.50500e-02 9.02054e-01 -2.51494e-01
4.51000e-02 9.01803e-01 -2.51559e-01
4.51500e-02 9.01551e-01 -2.51623e-01
4.52000e-02 9.01299e-01 -2.51685e-01
4.52500e-02 9.01048e-01 -2.51747e-01
4.53000e-02 9.00796e-01 -2.51807e-01
4.53500e-02 9.00544e-01 -2.51866e-01
4.54000e-02 9.00292e-01 -2.51924e-01
4.54500e-02 9.00040e-01 -2.51981e-01
4.55000e-02 8.99788e-01 -2.52036e-01
4.55500e-02 8.99536e-01 -2.52091e-01
4.56000e-02 8.99284e-01 -2.52144e-01
4.56500e-02 8.99032e-01 -2.52196e-01
4.57000e-02 8.98780e-01 -2.52247e-01
4.57500e-02 8.98527e-01 -2.52297e-01
4.58000e-02 8.98275e-01 -2.52345e-01
4.58500e-02 8.98023e-01 -2.52393e-01
4.59000e-02 8.97770e-01 -2.52439e-01
4.59500e-02 8.97518e-01 -2.52485e-01
4.60000e-02 8.97265e-01 -2.52529e-01
4.60500e-02 8.97013e-01 -2.52572e-01
4.61000e-02 8.96760e-01 -2.52614e-01
4.61500e-02 8.96507e-01 -2.52655e-01
4.62000e-02 8.96255e-01 -2.52695e-01
4.62500e-02 8.96002e-01 -2.52734e-01
4.63000e-02 8.95749e-01 -2.52771e-01
4.63500e-02 8.95496e-01 -2.52808e-01
4.64000e-02 8.95244e-01 -2.52843e-01
4.64500e-02 8.94991e-01 -2.52878e-01
4.65000e-02 8.94738e-01 -2.52912e-01
4.65500e-02 8.94485e-01 -2.52944e-01
4.66000e-02 8.94232e-01 -2.52975e-01
4.66500e-02 8.93979e-01 -2.53006e-01
4.67000e-02 8.93726e-01 -2.53035e-01
4.67500e-02 8.93473e-01 -2.53064e-01
4.68000e-02 8.93220e-01 -2.53091e-01
4.68500e-02 8.92967e-01 -2.53118e-01
4.69000e-02 8.92714e-01 -2.53143e-01
4.69500e-02 8.92460e-01 -2.53167e-01
4.70000e-02 8.92207e-01 -2.53191e-01
4.70500e-02 8.91954e-01 -2.53213e-01
4.71000e-02 8.91701e-01 -2.53235e-01
4.71500e-02 8.91448e-01 -2.53256e-01
4.72000e-02 8.91194e-01 -2.53275e-01
4.72500e-02 8.90941e-01 -2.53294e-01
4.73000e-02 8.90688e-01 -2.53312e-01
4.73500e-02 8.90434e-01 -2.53329e-01
4.74000e-02 8.90181e-01 -2.53345e-01
4.74500e-02 8.89928e-01 -2.53360e-01
4.75000e-02 8.89674e-01 -2.53374e-01
4.75500e-02 8.89421e-01 -2.53387e-01
4.76000e-02 8.89168e-01 -2.53400e-01
4.76500e-02 8.88914e-01 -2.53411e-01
4.77000e-02 8.88661e-01 -2.53422e-01
4.77500e-02 8.88407e-01 -2.53432e-01
4.78000e-02 8.88154e-01 -2.53441e-01
4.78500e-02 8.87900e-01 -2.53449e-01
4.79000e-02 8.87647e-01 -2.53456e-01
4.79500e-02 8.87394e-01 -2.53463e-01
4.80000e-02 8.87140e-01 -2.53468e-01
4.80500e-02 8.86887e-01 -2.53473e-01
4.81000e-02 8.86633e-01 -2.53477e-01
4.81500e-02 8.86380e-01 -2.53480e-01
4.82000e-02 8.86126e-01 -2.53483e-01
4.82500e-02 8.85873e-01 -2.53484e-01
4.83000e-02 8.85619e-01 -2.53485e-01
4.83500e-02 8.85366e-01 -2.53485e-01
4.84000e-02 8.85112e-01 -2.53485e-01
4.84500e-02 8.84859e-01 -2.53483e-01
4.85000e-02 8.84605e-01 -2.53481e-01
4.85500e-02 8.84352e-01 -2.53478e-01
4.86000e-02 8.84098e-01 -2.53475e-01
4.86500e-02 8.83845e-01 -2.53470e-01
4.87000e-02 8.83591e-01 -2.53465e-01
4.87500e-02 8.83338e-01 -2.53460e-01
4.88000e-02 8.83084e-01 -2.53453e-01
4.88500e-02 8.82831e-01 -2.53446e-01
4.89000e-02 8.82578e-01 -2.53438e-01
4.89500e-02 8.82324e-01 -2.53430e-01
4.90000e-02 8.82071e-01 -2.53421e-01
4.90500e-02 8.81817e-01 -2.53411e-01
4.91000e-02 8.81564e-01 -2.53401e-01
4.91500e-02 8.81311e-01 -2.53390e-01
4.92000e-02 8.81057e-01 -2.53378e-01
4.92500e-02 8.80804e-01 -2.53366e-01
4.93000e-02 8.80550e-01 -2.53353e-01
4.93500e-02 8.80297e-01 -2.53339e-01
4.94000e-02 8.80044e-01 -2.53325e-01
4.94500e-02 8.79790e-01 -2.53310e-01
4.95000e-02 8.79537e-01 -2.53295e-01
4.95500e-02 8.79284e-01 -2.53279e-01
4.96000e-02 8.79031e-01 -2.53263e-01
4.96500e-02 8.78777e-01 -2.53246e-01
4.97000e-02 8.78524e-01 -2.53229e-01
4.97500e-02 8.78271e-01 -2.53211e-01
4.98000e-02 8.78018e-01 -2.53192e-01
4.98500e-02 8.77764e-01 -2.53173e-01
4.99000e-02 8.77511e-01 -2.53153e-01
4.99500e-02 8.77258e-01 -2.53133e-01
5.00000e-02 8.77005e-01 -2.53113e-01
